[gd_scene load_steps=29 format=3 uid="uid://bu6mbgncqtcmn"]

[ext_resource type="ArrayMesh" uid="uid://dkbfd3qh2ofw" path="res://assets/models/player/mannequiny-0_4_0_bony_body_002.res" id="1_yt8ny"]

[sub_resource type="Skin" id="2"]
resource_name = "Skin"
bind_count = 45
bind/0/name = &""
bind/0/bone = 0
bind/0/pose = Transform3D(1, -3.34571e-06, 1.62675e-05, -6.82121e-13, 0.979498, 0.201452, -1.6608e-05, -0.201452, 0.979498, 3.00161e-06, -0.930334, 0.180733)
bind/1/name = &""
bind/1/bone = 1
bind/1/pose = Transform3D(-0.260544, -0.0482524, 0.964254, 0.0877469, -0.9958, -0.0261208, 0.961462, 0.0778032, 0.263676, 0.0614808, 0.908647, -0.172255)
bind/2/name = &""
bind/2/bone = 2
bind/2/pose = Transform3D(-0.253717, -0.118268, 0.960019, 0.10588, -0.989928, -0.0939697, 0.961461, 0.0778036, 0.263676, 0.0979027, 0.513672, -0.172255)
bind/3/name = &""
bind/3/bone = 3
bind/3/pose = Transform3D(-0.992056, -0.029536, 0.12225, 0.107306, -0.705718, 0.700317, 0.0655827, 0.707877, 0.70328, 0.188137, 0.0864297, -0.0611637)
bind/4/name = &""
bind/4/bone = 4
bind/4/pose = Transform3D(0.999103, -0.00871172, -0.0413433, 0.0397992, -0.133904, 0.990191, -0.0141595, -0.990956, -0.133436, -0.192712, -0.0535379, 0.0288584)
bind/5/name = &""
bind/5/bone = 5
bind/5/pose = Transform3D(-0.260544, 0.0482524, -0.964255, -0.0877461, -0.9958, -0.0261215, -0.961465, 0.0778033, 0.263682, -0.0614808, 0.908647, -0.172256)
bind/6/name = &""
bind/6/bone = 6
bind/6/pose = Transform3D(-0.253717, 0.118268, -0.96002, -0.105879, -0.989929, -0.0939707, -0.961465, 0.0778034, 0.263682, -0.0979028, 0.513673, -0.172256)
bind/7/name = &""
bind/7/bone = 7
bind/7/pose = Transform3D(-0.992059, 0.0295374, -0.122249, -0.107309, -0.705716, 0.70032, -0.065585, 0.707878, 0.703282, -0.188137, 0.0864292, -0.0611645)
bind/8/name = &""
bind/8/bone = 8
bind/8/pose = Transform3D(0.999106, 0.00870565, 0.0413423, -0.0398043, -0.133902, 0.990194, 0.0141553, -0.990956, -0.133436, 0.192713, -0.0535391, 0.0288579)
bind/9/name = &""
bind/9/bone = 9
bind/9/pose = Transform3D(0.999978, 0.000283908, 0.00659644, -1.16415e-10, 0.999075, -0.0429997, -0.00660255, 0.0429988, 0.999053, -0.000531047, -1.06312, -0.0804288)
bind/10/name = &""
bind/10/bone = 10
bind/10/pose = Transform3D(1, -4.36261e-08, -2.32972e-07, 3.47036e-10, 0.983185, -0.182611, 2.36877e-07, 0.182611, 0.983185, 6.0805e-08, -1.22464, -0.254596)
bind/11/name = &""
bind/11/bone = 11
bind/11/pose = Transform3D(0.99991, 0.00328158, -0.0130455, 0, 0.969788, 0.243948, 0.0134519, -0.243926, 0.969701, -0.00513539, -1.44287, 0.381724)
bind/12/name = &""
bind/12/bone = 12
bind/12/pose = Transform3D(1, 1.617e-07, 6.80385e-05, -5.87121e-10, 0.999997, -0.00236288, -6.80389e-05, 0.00236291, 0.999997, -3.91705e-07, -1.57288, -0.00572183)
bind/13/name = &""
bind/13/bone = 13
bind/13/pose = Transform3D(-0.259557, 0.00192641, 0.965726, -0.965728, -3.71365e-08, -0.259557, -0.000500016, -0.999998, 0.0018604, -0.0319384, -0.0373075, 1.43287)
bind/14/name = &""
bind/14/bone = 14
bind/14/pose = Transform3D(-0.0222261, 0.784939, -0.619174, -0.999711, -0.0117703, 0.0209646, 0.00916818, 0.619461, 0.784974, -1.13895, -0.157144, -0.872963)
bind/15/name = &""
bind/15/bone = 15
bind/15/pose = Transform3D(-0.0048542, 0.785025, -0.619445, -0.999947, 0.00186868, 0.0102042, 0.00916815, 0.619461, 0.784974, -1.1315, -0.438851, -0.872963)
bind/16/name = &""
bind/16/bone = 16
bind/16/pose = Transform3D(0.014061, 0.0106856, -0.999844, -0.999277, 0.0355017, -0.0136736, 0.0353502, 0.999313, 0.0111771, -0.0152857, -0.69406, -1.40639)
bind/17/name = &""
bind/17/bone = 17
bind/17/pose = Transform3D(-0.0872407, 0.975318, 0.202842, -0.305272, -0.219996, 0.926505, 0.948261, 0.018907, 0.31693, -1.46018, 0.0654214, 0.619152)
bind/18/name = &""
bind/18/bone = 18
bind/18/pose = Transform3D(0.438558, 0.765726, 0.470459, -0.373571, -0.320793, 0.870366, 0.817381, -0.557455, 0.145367, -0.809293, 0.143112, 1.35721)
bind/19/name = &""
bind/19/bone = 19
bind/19/pose = Transform3D(-0.377401, 0.908193, 0.180983, -0.391357, -0.333543, 0.857665, 0.839291, 0.252855, 0.481307, -1.56702, 0.122497, 0.199713)
bind/20/name = &""
bind/20/bone = 20
bind/20/pose = Transform3D(0.0649259, 0.0164191, -0.997755, -0.997867, -0.0058263, -0.065029, -0.00688086, 0.999848, 0.0160059, -0.0109191, -0.721683, -1.43627)
bind/21/name = &""
bind/21/bone = 21
bind/21/pose = Transform3D(0.0111896, 0.0120227, -0.999865, -0.999792, 0.0172046, -0.0109819, 0.0170704, 0.99978, 0.0122128, -0.045075, -0.776224, -1.41832)
bind/22/name = &""
bind/22/bone = 22
bind/22/pose = Transform3D(0.00193277, 0.0111709, -0.999936, -0.99931, 0.0371341, -0.00151672, 0.0371148, 0.999248, 0.011235, -0.0511048, -0.835636, -1.4019)
bind/23/name = &""
bind/23/bone = 23
bind/23/pose = Transform3D(0.0137475, 0.0144471, -0.999801, -0.999905, 0.00143586, -0.0137282, 0.00123732, 0.999895, 0.0144655, -0.0183345, -0.732551, -1.43246)
bind/24/name = &""
bind/24/bone = 24
bind/24/pose = Transform3D(0.0221731, 0.00433242, -0.999745, -0.999745, -0.00433607, -0.0221919, -0.00443103, 0.999981, 0.00423521, 0.00255721, -0.7522, -1.43696)
bind/25/name = &""
bind/25/bone = 25
bind/25/pose = Transform3D(0.0275193, 0.00893404, -0.999581, -0.999611, 0.00492198, -0.0274762, 0.00467453, 0.999948, 0.00906605, 0.000161357, -0.792466, -1.42972)
bind/26/name = &""
bind/26/bone = 26
bind/26/pose = Transform3D(-0.00660459, 0.0177433, -0.999821, -0.999965, 0.00511681, 0.00669634, 0.00523478, 0.99983, 0.0177089, -0.00820518, -0.734957, -1.42725)
bind/27/name = &""
bind/27/bone = 27
bind/27/pose = Transform3D(0.00636049, 0.0105911, -0.999924, -0.999451, 0.0325842, -0.00601236, 0.0325181, 0.999413, 0.0107926, 0.0118626, -0.804276, -1.40582)
bind/28/name = &""
bind/28/bone = 28
bind/28/pose = Transform3D(-0.042496, 0.0160057, -0.998968, -0.99889, 0.0196544, 0.0428076, 0.0203194, 0.999679, 0.0151527, -0.0344563, -0.81713, -1.41592)
bind/29/name = &""
bind/29/bone = 29
bind/29/pose = Transform3D(-0.259557, -0.00192623, -0.965726, 0.965728, -4.92437e-08, -0.259557, 0.000499958, -0.999998, 0.00186017, 0.0319382, -0.0373075, 1.43287)
bind/30/name = &""
bind/30/bone = 30
bind/30/pose = Transform3D(-0.022226, -0.784939, 0.619174, 0.999711, -0.0117702, 0.0209646, -0.00916812, 0.619461, 0.784974, 1.13895, -0.157144, -0.872963)
bind/31/name = &""
bind/31/bone = 31
bind/31/pose = Transform3D(-0.00485418, -0.785025, 0.619445, 0.999947, 0.0018687, 0.0102042, -0.00916813, 0.619461, 0.784974, 1.1315, -0.438851, -0.872963)
bind/32/name = &""
bind/32/bone = 32
bind/32/pose = Transform3D(0.014061, -0.0106858, 0.999844, 0.999276, 0.0355017, -0.0136736, -0.0353501, 0.999313, 0.0111773, 0.015286, -0.69406, -1.40639)
bind/33/name = &""
bind/33/bone = 33
bind/33/pose = Transform3D(-0.0872411, -0.975317, -0.202841, 0.305271, -0.219995, 0.926505, -0.948261, 0.0189078, 0.316929, 1.46018, 0.0654214, 0.619151)
bind/34/name = &""
bind/34/bone = 34
bind/34/pose = Transform3D(0.438558, -0.765726, -0.470459, 0.373571, -0.320792, 0.870366, -0.817381, -0.557455, 0.145367, 0.809292, 0.143112, 1.35721)
bind/35/name = &""
bind/35/bone = 35
bind/35/pose = Transform3D(-0.377373, -0.908203, -0.180989, 0.391359, -0.333534, 0.857668, -0.839302, 0.252829, 0.4813, 1.56701, 0.122482, 0.199759)
bind/36/name = &""
bind/36/bone = 36
bind/36/pose = Transform3D(0.064926, -0.0164193, 0.997755, 0.997867, -0.00582624, -0.0650291, 0.00688084, 0.999848, 0.016006, 0.0109193, -0.721683, -1.43627)
bind/37/name = &""
bind/37/bone = 37
bind/37/pose = Transform3D(0.0111889, -0.0120192, 0.999865, 0.999792, 0.017201, -0.0109813, -0.0170667, 0.99978, 0.0122092, 0.0450706, -0.776219, -1.41832)
bind/38/name = &""
bind/38/bone = 38
bind/38/pose = Transform3D(0.00193344, -0.0111749, 0.999936, 0.999309, 0.037138, -0.00151718, -0.0371187, 0.999248, 0.011239, 0.0511101, -0.835642, -1.40189)
bind/39/name = &""
bind/39/bone = 39
bind/39/pose = Transform3D(0.0137476, -0.0144472, 0.999801, 0.999905, 0.00143587, -0.0137282, -0.00123731, 0.999894, 0.0144657, 0.0183347, -0.732551, -1.43245)
bind/40/name = &""
bind/40/bone = 40
bind/40/pose = Transform3D(0.0221731, -0.00432393, 0.999745, 0.999745, -0.00434488, -0.0221918, 0.00443967, 0.999981, 0.00422652, -0.00256933, -0.752188, -1.43697)
bind/41/name = &""
bind/41/bone = 41
bind/41/pose = Transform3D(0.0275196, -0.00894275, 0.999581, 0.999611, 0.00493082, -0.0274762, -0.0046831, 0.999948, 0.00907501, -0.000148993, -0.792478, -1.42971)
bind/42/name = &""
bind/42/bone = 42
bind/42/pose = Transform3D(-0.00660429, -0.0177434, 0.999821, 0.999965, 0.0051168, 0.00669607, -0.00523475, 0.99983, 0.017709, 0.00820513, -0.734957, -1.42725)
bind/43/name = &""
bind/43/bone = 43
bind/43/pose = Transform3D(0.00636066, -0.0105836, 0.999924, 0.999451, 0.0325765, -0.00601282, -0.0325104, 0.999413, 0.010785, -0.0118734, -0.804265, -1.40582)
bind/44/name = &""
bind/44/bone = 44
bind/44/pose = Transform3D(-0.0424963, -0.0160099, 0.998968, 0.99889, 0.0196583, 0.042808, -0.0203235, 0.999679, 0.0151568, 0.0344626, -0.817136, -1.41592)

[sub_resource type="Animation" id="3"]
resource_name = "air_jump"
length = 0.333333

[sub_resource type="Animation" id="4"]
resource_name = "air_jump_anticipation"
length = 0.266667

[sub_resource type="Animation" id="5"]
resource_name = "air_land"
length = 1.23333

[sub_resource type="Animation" id="6"]
resource_name = "dash"
length = 0.7

[sub_resource type="Animation" id="7"]
resource_name = "fight_idle"
length = 1.5

[sub_resource type="Animation" id="8"]
resource_name = "fight_kick"
length = 1.23333

[sub_resource type="Animation" id="9"]
resource_name = "fight_punch"
length = 0.5

[sub_resource type="Animation" id="10"]
resource_name = "idle"
length = 1.36667

[sub_resource type="Animation" id="11"]
resource_name = "idle_to_fight"
length = 0.5
loop_mode = 1

[sub_resource type="Animation" id="12"]
resource_name = "run"
length = 0.633333
loop_mode = 1

[sub_resource type="Animation" id="13"]
resource_name = "walk"
length = 1.03333
loop_mode = 1

[sub_resource type="AnimationLibrary" id="AnimationLibrary_wk6wq"]
_data = {
"air_jump": SubResource("3"),
"air_jump_anticipation": SubResource("4"),
"air_land": SubResource("5"),
"dash": SubResource("6"),
"fight_idle": SubResource("7"),
"fight_kick": SubResource("8"),
"fight_punch": SubResource("9"),
"idle": SubResource("10"),
"idle_to_fight": SubResource("11"),
"run": SubResource("12"),
"walk": SubResource("13")
}

[sub_resource type="AnimationNodeAnimation" id="14"]
animation = &"idle"

[sub_resource type="AnimationNodeAnimation" id="15"]
animation = &"air_jump"

[sub_resource type="AnimationNodeAnimation" id="16"]
animation = &"air_land"

[sub_resource type="AnimationNodeAnimation" id="17"]
animation = &"walk"

[sub_resource type="AnimationNodeAnimation" id="18"]
animation = &"run"

[sub_resource type="AnimationNodeBlendSpace1D" id="19"]
blend_point_0/node = SubResource("17")
blend_point_0/pos = 0.533333
blend_point_1/node = SubResource("18")
blend_point_1/pos = 0.595652
min_space = 0.0

[sub_resource type="AnimationNodeStateMachineTransition" id="20"]

[sub_resource type="AnimationNodeStateMachineTransition" id="21"]
xfade_time = 0.05
advance_condition = &"is_moving"

[sub_resource type="AnimationNodeStateMachineTransition" id="22"]

[sub_resource type="AnimationNodeStateMachineTransition" id="23"]

[sub_resource type="AnimationNodeStateMachineTransition" id="24"]

[sub_resource type="AnimationNodeStateMachineTransition" id="25"]

[sub_resource type="AnimationNodeStateMachineTransition" id="26"]

[sub_resource type="AnimationNodeStateMachine" id="27"]
states/Start/position = Vector2(199.2, 100.16)
states/idle/node = SubResource("14")
states/idle/position = Vector2(448, 104)
states/jump/node = SubResource("15")
states/jump/position = Vector2(660, 252)
states/land/node = SubResource("16")
states/land/position = Vector2(448, 215)
states/move_ground/node = SubResource("19")
states/move_ground/position = Vector2(660, 104)
transitions = ["idle", "jump", SubResource("20"), "land", "idle", SubResource("21"), "jump", "land", SubResource("22"), "idle", "move_ground", SubResource("23"), "move_ground", "idle", SubResource("24"), "move_ground", "jump", SubResource("25"), "jump", "move_ground", SubResource("26")]
graph_offset = Vector2(-74.1091, 2)

[node name="Mannequiny" type="Node3D"]

[node name="root" type="Node3D" parent="."]

[node name="Skeleton" type="Skeleton3D" parent="root"]
bones/0/name = "pelvis"
bones/0/parent = -1
bones/0/rest = Transform3D(0.774373, 0.0120524, 0.632614, -0.174001, 0.965326, 0.194601, -0.608333, -0.260769, 0.74962, -0.0290014, 0.890852, 0.124543)
bones/0/enabled = true
bones/0/position = Vector3(-0.0290014, 0.890852, 0.124543)
bones/0/rotation = Quaternion(-0.121889, 0.332164, -0.049801, 0.933986)
bones/0/scale = Vector3(0.999999, 1, 1)
bones/1/name = "thighl"
bones/1/parent = 0
bones/1/rest = Transform3D(-0.181961, 0.20205, 0.962324, 0.0262117, -0.977298, 0.210158, 0.982956, 0.0634635, 0.172538, 0.101935, -0.0260151, 0.00481082)
bones/1/enabled = true
bones/1/position = Vector3(0.101935, -0.0260151, 0.00481082)
bones/1/rotation = Quaternion(0.636949, 0.0895933, 0.763514, -0.0575766)
bones/1/scale = Vector3(1, 0.999982, 1)
bones/2/name = "calfl"
bones/2/parent = 1
bones/2/rest = Transform3D(0.674134, -0.738606, 1.55778e-06, 0.738623, 0.674118, -7.98321e-06, 4.84643e-06, 6.53221e-06, 1, 1.1327e-06, 0.389355, -1.02835e-06)
bones/2/enabled = true
bones/2/position = Vector3(1.1327e-06, 0.389355, -1.02835e-06)
bones/2/rotation = Quaternion(3.96637e-06, -8.98611e-07, 0.403654, 0.914912)
bones/2/scale = Vector3(1.00001, 0.999987, 1)
bones/3/name = "footl"
bones/3/parent = 2
bones/3/rest = Transform3D(0.17805, 0.964087, 0.197044, -0.16051, 0.226013, -0.960831, -0.970795, 0.139451, 0.195002, 0, 0.427942, -2.04891e-08)
bones/3/enabled = true
bones/3/position = Vector3(0, 0.427942, -2.04891e-08)
bones/3/rotation = Quaternion(0.435042, 0.461779, -0.44467, 0.632272)
bones/3/scale = Vector3(0.999954, 0.999996, 1.00002)
bones/4/name = "balll"
bones/4/parent = 3
bones/4/rest = Transform3D(-0.995962, 0.0855874, 0.0269953, 0.0844646, 0.792344, 0.604205, 0.0303227, 0.604064, -0.796355, -1.74643e-06, 0.127669, 3.01594e-06)
bones/4/enabled = true
bones/4/position = Vector3(-1.74643e-06, 0.127669, 3.01594e-06)
bones/4/rotation = Quaternion(0.0449082, 0.94666, 0.319087, -0.000878633)
bones/4/scale = Vector3(0.999997, 1.00001, 0.999987)
bones/5/name = "thighr"
bones/5/parent = 0
bones/5/rest = Transform3D(0.478195, -0.0918084, -0.87344, -0.143283, -0.989336, 0.0255479, -0.866482, 0.112931, -0.48626, -0.1019, -0.0260436, 0.0048768)
bones/5/enabled = true
bones/5/position = Vector3(-0.1019, -0.0260436, 0.0048768)
bones/5/rotation = Quaternion(0.859332, -0.0683942, -0.506185, 0.0254224)
bones/5/scale = Vector3(0.999996, 0.999984, 0.999999)
bones/6/name = "calfr"
bones/6/parent = 5
bones/6/rest = Transform3D(0.786394, 0.617725, -2.99e-06, -0.617733, 0.786384, -6.61959e-06, -1.73782e-06, 7.05254e-06, 1, -9.98405e-07, 0.389355, -2.1483e-06)
bones/6/enabled = true
bones/6/position = Vector3(-9.98405e-07, 0.389355, -2.1483e-06)
bones/6/rotation = Quaternion(3.61664e-06, -3.31236e-07, -0.32681, 0.94509)
bones/6/scale = Vector3(1, 0.999992, 1)
bones/7/name = "footr"
bones/7/parent = 6
bones/7/rest = Transform3D(-0.305613, -0.836622, -0.454599, -0.0312273, 0.485985, -0.873425, 0.951598, -0.25274, -0.17466, 0, 0.427941, 2.14204e-08)
bones/7/enabled = true
bones/7/position = Vector3(0, 0.427941, 2.14204e-08)
bones/7/rotation = Quaternion(0.309453, -0.701119, 0.401554, 0.501424)
bones/7/scale = Vector3(0.999957, 0.999998, 1.00002)
bones/8/name = "ballr"
bones/8/parent = 7
bones/8/rest = Transform3D(-0.995986, -0.0855489, -0.0266094, -0.0842015, 0.792361, 0.60422, -0.0306063, 0.604044, -0.796361, -2.23059e-06, 0.127669, -7.10907e-07)
bones/8/enabled = true
bones/8/position = Vector3(-2.23059e-06, 0.127669, -7.10907e-07)
bones/8/rotation = Quaternion(-0.0448281, 0.946665, 0.319084, 0.00105539)
bones/8/scale = Vector3(1.00001, 1.00001, 0.99999)
bones/9/name = "spine_1"
bones/9/parent = 0
bones/9/rest = Transform3D(0.770501, -0.186179, -0.609644, 0.010895, 0.960103, -0.279435, 0.637346, 0.208663, 0.741789, 1.11778e-08, 0.120389, -2.06649e-09)
bones/9/enabled = true
bones/9/position = Vector3(1.11778e-08, 0.120389, -2.06649e-09)
bones/9/rotation = Quaternion(0.130967, -0.334594, 0.0528791, 0.931718)
bones/9/scale = Vector3(1, 1, 1)
bones/10/name = "spine_2"
bones/10/parent = 9
bones/10/rest = Transform3D(0.999977, -0.000925466, 0.00653761, -1.74041e-08, 0.990127, 0.140165, -0.00660279, -0.140162, 0.990105, -1.28808e-08, 0.185117, -2.30268e-08)
bones/10/enabled = true
bones/10/position = Vector3(-1.28808e-08, 0.185117, -2.30268e-08)
bones/10/rotation = Quaternion(-0.0702558, 0.00329326, 0.000231936, 0.997524)
bones/10/scale = Vector3(0.999999, 0.999999, 0.999998)
bones/11/name = "neck_1"
bones/11/parent = 10
bones/11/rest = Transform3D(0.999907, -2.93367e-07, 0.0134517, 0.00801397, 0.803177, -0.595686, -0.0108039, 0.595741, 0.803104, -1.87423e-08, 0.246004, -9.49487e-09)
bones/11/enabled = true
bones/11/position = Vector3(-1.87423e-08, 0.246004, -9.49487e-09)
bones/11/rotation = Quaternion(0.313699, 0.00638644, 0.00211014, 0.949499)
bones/11/scale = Vector3(0.999997, 1, 0.999999)
bones/12/name = "head"
bones/12/parent = 11
bones/12/rest = Transform3D(0.999912, 0.00449261, -0.0127466, 1.51615e-05, 0.942762, 0.333472, 0.0135151, -0.333441, 0.942678, -5.23401e-09, 0.0829918, -7.12129e-08)
bones/12/enabled = true
bones/12/position = Vector3(-5.23401e-09, 0.0829918, -7.12129e-08)
bones/12/rotation = Quaternion(-0.16917, -0.00666156, -0.00113575, 0.985564)
bones/12/scale = Vector3(1, 1, 1)
bones/13/name = "clavicler"
bones/13/parent = 10
bones/13/rest = Transform3D(0.0235198, -0.998471, -0.0500124, -0.163426, 0.0455132, -0.985506, 0.986276, 0.0313523, -0.162106, -0.0436096, 0.180817, 0.0252615)
bones/13/enabled = true
bones/13/position = Vector3(-0.0436096, 0.180817, 0.0252615)
bones/13/rotation = Quaternion(-0.53388, 0.544082, -0.438424, -0.476164)
bones/13/scale = Vector3(1, 0.999999, 1)
bones/14/name = "upperarmr"
bones/14/parent = 13
bones/14/rest = Transform3D(-0.215394, 0.898209, 0.383179, 0.975559, 0.180439, 0.125416, 0.0435096, 0.400827, -0.915121, -2.8396e-08, 0.135449, -3.91827e-07)
bones/14/enabled = true
bones/14/position = Vector3(-2.8396e-08, 0.135449, -3.91827e-07)
bones/14/rotation = Quaternion(0.616297, 0.760091, 0.173086, 0.11172)
bones/14/scale = Vector3(1, 1, 1)
bones/15/name = "lowerarmr"
bones/15/parent = 14
bones/15/rest = Transform3D(0.810824, -0.498033, 0.307187, 0.491867, 0.295444, -0.818977, 0.317226, 0.81487, 0.48468, -3.73233e-08, 0.261983, -4.93135e-07)
bones/15/enabled = true
bones/15/position = Vector3(-3.73233e-08, 0.261983, -4.93135e-07)
bones/15/rotation = Quaternion(0.507593, -0.00311836, 0.307536, 0.804836)
bones/15/scale = Vector3(1, 0.999668, 1)
bones/16/name = "handr"
bones/16/parent = 15
bones/16/rest = Transform3D(0.839772, 0.0461303, 0.540977, 0.0192033, 0.993565, -0.114479, -0.542597, 0.106559, 0.833213, 3.42315e-09, 0.207321, -1.55113e-07)
bones/16/enabled = true
bones/16/position = Vector3(3.42315e-09, 0.207321, -1.55113e-07)
bones/16/rotation = Quaternion(0.0577108, 0.282956, -0.00702755, 0.957369)
bones/16/scale = Vector3(0.999999, 1.00033, 1)
bones/17/name = "thumb_1_r"
bones/17/parent = 16
bones/17/rest = Transform3D(-0.439626, -0.407433, -0.800457, 0.261224, 0.794653, -0.547964, 0.859376, -0.449978, -0.242921, -0.0491332, 0.0501255, -0.00465521)
bones/17/enabled = true
bones/17/position = Vector3(-0.0491332, 0.0501255, -0.00465521)
bones/17/rotation = Quaternion(0.0464519, -0.786957, 0.317028, 0.527289)
bones/17/scale = Vector3(1.00002, 0.999978, 1)
bones/18/name = "thumb_2_r"
bones/18/parent = 17
bones/18/rest = Transform3D(0.804319, -0.103714, -0.585072, 0.133243, 0.991048, 0.00749574, 0.579042, -0.0839847, 0.810971, -6.63778e-07, 0.0210913, 7.99592e-08)
bones/18/enabled = true
bones/18/position = Vector3(-6.63778e-07, 0.0210913, 7.99592e-08)
bones/18/rotation = Quaternion(-0.0240863, -0.3065, 0.0623895, 0.949518)
bones/18/scale = Vector3(0.999986, 0.999993, 1.00002)
bones/19/name = "thumb_3_r"
bones/19/parent = 18
bones/19/rest = Transform3D(0.61518, -0.0240405, 0.788016, 0.00756739, 0.999669, 0.0245893, -0.788369, -0.00916364, 0.615141, -2.6077e-08, 0.0270386, 8.00937e-08)
bones/19/enabled = true
bones/19/position = Vector3(-2.6077e-08, 0.0270386, 8.00937e-08)
bones/19/rotation = Quaternion(-0.00939045, 0.438563, 0.00879353, 0.898609)
bones/19/scale = Vector3(1.00001, 1, 0.999986)
bones/20/name = "ring_1_r"
bones/20/parent = 16
bones/20/rest = Transform3D(0.967844, -0.136457, 0.211341, -0.215803, -0.0185839, 0.976254, -0.129291, -0.990474, -0.0474336, 0.024592, 0.086082, -0.00149428)
bones/20/enabled = true
bones/20/position = Vector3(0.024592, 0.086082, -0.00149428)
bones/20/rotation = Quaternion(-0.713067, 0.123502, -0.0287675, 0.689533)
bones/20/scale = Vector3(1, 1, 0.999993)
bones/21/name = "ring_2_r"
bones/21/parent = 20
bones/21/rest = Transform3D(0.998953, 0.00889137, -0.0448729, 0.0398156, 0.314049, 0.948553, 0.0225262, -0.949389, 0.313353, 2.79397e-09, 0.0220773, 1.49594e-07)
bones/21/enabled = true
bones/21/position = Vector3(2.79397e-09, 0.0220773, 1.49594e-07)
bones/21/rotation = Quaternion(-0.585566, -0.0207947, 0.00954102, 0.810302)
bones/21/scale = Vector3(1, 1.00002, 0.999978)
bones/22/name = "ring_3_r"
bones/22/parent = 21
bones/22/rest = Transform3D(0.999776, 0.0204198, 0.0053814, -0.0114405, 0.309556, 0.950827, 0.0177499, -0.950643, 0.309732, 1.86265e-09, 0.0315887, 7.10425e-08)
bones/22/enabled = true
bones/22/position = Vector3(1.86265e-09, 0.0315887, 7.10425e-08)
bones/22/rotation = Quaternion(-0.587471, -0.00382135, -0.00984357, 0.809176)
bones/22/scale = Vector3(0.999999, 0.999982, 1.00002)
bones/23/name = "middle_1_r"
bones/23/parent = 16
bones/23/rest = Transform3D(0.945291, -0.0815276, 0.315904, -0.209053, 0.591976, 0.778378, -0.25047, -0.801778, 0.542577, -0.00257248, 0.0869058, 0.000357025)
bones/23/enabled = true
bones/23/position = Vector3(-0.00257248, 0.0869058, 0.000357025)
bones/23/rotation = Quaternion(-0.450202, 0.161362, -0.036332, 0.877474)
bones/23/scale = Vector3(1.00001, 0.999965, 1.00003)
bones/24/name = "middle_2_r"
bones/24/parent = 23
bones/24/rest = Transform3D(0.999121, 0.0396031, 0.0135182, -0.0198981, 0.16543, 0.986017, 0.0368129, -0.985431, 0.166071, -2.79397e-09, 0.0279773, 1.04701e-08)
bones/24/enabled = true
bones/24/position = Vector3(-2.79397e-09, 0.0279773, 1.04701e-08)
bones/24/rotation = Quaternion(-0.645682, -0.00762944, -0.0194876, 0.763319)
bones/24/scale = Vector3(0.999997, 1, 0.999996)
bones/25/name = "middle_3_r"
bones/25/parent = 24
bones/25/rest = Transform3D(0.998564, 0.0535351, -0.00157893, -0.0081261, 0.18058, 0.983527, 0.0529383, -0.982102, 0.180756, 9.31323e-10, 0.0270531, 4.46016e-09)
bones/25/enabled = true
bones/25/position = Vector3(9.31323e-10, 0.0270531, 4.46016e-09)
bones/25/rotation = Quaternion(-0.639771, -0.0177442, -0.0200694, 0.768098)
bones/25/scale = Vector3(0.999999, 1, 1)
bones/26/name = "index_1_r"
bones/26/parent = 16
bones/26/rest = Transform3D(0.955325, -0.0541535, 0.290578, -0.191708, 0.634698, 0.748607, -0.224971, -0.770814, 0.595998, -0.0322124, 0.0834625, -0.00191511)
bones/26/enabled = true
bones/26/position = Vector3(-0.0322124, 0.0834625, -0.00191511)
bones/26/rotation = Quaternion(-0.425623, 0.144413, -0.0385311, 0.892471)
bones/26/scale = Vector3(1, 0.999964, 1.00003)
bones/27/name = "index_2_r"
bones/27/parent = 26
bones/27/rest = Transform3D(0.994216, 0.0848046, 0.065884, -0.0893749, 0.313291, 0.945437, 0.0595364, -0.945871, 0.319054, -9.31323e-10, 0.0306825, -7.09842e-08)
bones/27/enabled = true
bones/27/position = Vector3(-9.31323e-10, 0.0306825, -7.09842e-08)
bones/27/rotation = Quaternion(-0.583496, 0.00195845, -0.0537368, 0.810334)
bones/27/scale = Vector3(0.999999, 1.00001, 0.999994)
bones/28/name = "index_3_r"
bones/28/parent = 27
bones/28/rest = Transform3D(0.998119, 0.0380663, 0.0480267, -0.0567891, 0.279954, 0.958327, 0.0230346, -0.959266, 0.281586, -1.39698e-09, 0.0307386, 1.13505e-08)
bones/28/enabled = true
bones/28/position = Vector3(-1.39698e-09, 0.0307386, 1.13505e-08)
bones/28/rotation = Quaternion(-0.599287, 0.00781062, -0.0296442, 0.799947)
bones/28/scale = Vector3(0.999999, 1.00001, 0.999994)
bones/29/name = "claviclel"
bones/29/parent = 10
bones/29/rest = Transform3D(-0.25956, 0.965726, 0.000506223, 0.174454, 0.0474038, -0.983525, -0.94984, -0.255194, -0.180779, 0.043595, 0.180818, 0.0252619)
bones/29/enabled = true
bones/29/position = Vector3(0.043595, 0.180818, 0.0252619)
bones/29/rotation = Quaternion(0.46739, 0.609865, -0.507784, 0.389572)
bones/29/scale = Vector3(1, 0.999999, 1)
bones/30/name = "upperarml"
bones/30/parent = 29
bones/30/rest = Transform3D(0.427714, -0.667259, -0.609775, -0.770365, 0.0838137, -0.632071, 0.472864, 0.740094, -0.478185, -4.12245e-07, 0.135449, 8.80549e-07)
bones/30/enabled = true
bones/30/position = Vector3(-4.12245e-07, 0.135449, 8.80549e-07)
bones/30/rotation = Quaternion(0.674923, -0.532514, -0.0507137, 0.508267)
bones/30/scale = Vector3(1, 0.999999, 1)
bones/31/name = "lowerarml"
bones/31/parent = 30
bones/31/rest = Transform3D(0.811455, 0.0422498, -0.582885, -0.558162, -0.239478, -0.794405, -0.173192, 0.969741, -0.170784, 4.10025e-08, 0.261983, 1.0943e-07)
bones/31/enabled = true
bones/31/position = Vector3(4.10025e-08, 0.261983, 1.0943e-07)
bones/31/rotation = Quaternion(0.745281, -0.173056, -0.253622, 0.591848)
bones/31/scale = Vector3(1, 0.999766, 1)
bones/32/name = "handl"
bones/32/parent = 31
bones/32/rest = Transform3D(0.344927, -0.0381124, -0.937855, -0.064828, 0.996054, -0.0643012, 0.936388, 0.0829979, 0.341016, -1.80785e-07, 0.207321, -1.60437e-07)
bones/32/enabled = true
bones/32/position = Vector3(-1.80785e-07, 0.207321, -1.60437e-07)
bones/32/rotation = Quaternion(0.0449679, -0.57225, -0.00815959, 0.818805)
bones/32/scale = Vector3(1, 1.00023, 0.999999)
bones/33/name = "thumb_1_l"
bones/33/parent = 32
bones/33/rest = Transform3D(-0.439804, 0.407677, 0.800227, -0.26068, 0.794728, -0.548132, -0.859441, -0.449673, -0.243247, 0.0491441, 0.050088, -0.00465905)
bones/33/enabled = true
bones/33/position = Vector3(0.0491441, 0.050088, -0.00465905)
bones/33/rotation = Quaternion(0.0466934, 0.787048, -0.316947, 0.527181)
bones/33/scale = Vector3(1.00001, 0.999999, 0.99999)
bones/34/name = "thumb_2_l"
bones/34/parent = 33
bones/34/rest = Transform3D(0.803908, 0.103667, 0.58565, -0.13331, 0.991041, 0.00756663, -0.579613, -0.0841551, 0.81054, 2.32831e-08, 0.0210913, -1.86265e-08)
bones/34/enabled = true
bones/34/position = Vector3(2.32831e-08, 0.0210913, -1.86265e-08)
bones/34/rotation = Quaternion(-0.0241523, 0.306839, -0.0624016, 0.949406)
bones/34/scale = Vector3(0.999995, 0.999996, 1.00001)
bones/35/name = "thumb_3_l"
bones/35/parent = 34
bones/35/rest = Transform3D(0.615264, 0.0232885, -0.787974, -0.00698109, 0.999684, 0.0240942, 0.788306, -0.00932338, 0.615218, -2.23517e-08, 0.0270386, 1.86265e-09)
bones/35/enabled = true
bones/35/position = Vector3(-2.23517e-08, 0.0270386, 1.86265e-09)
bones/35/rotation = Quaternion(-0.00929688, -0.438521, -0.00842099, 0.898633)
bones/35/scale = Vector3(1.00001, 0.999999, 0.999988)
bones/36/name = "ring_1_l"
bones/36/parent = 32
bones/36/rest = Transform3D(0.967773, 0.135705, -0.212158, 0.216587, -0.0185508, 0.976079, 0.128525, -0.990577, -0.0473441, -0.024603, 0.086043, -0.00150448)
bones/36/enabled = true
bones/36/position = Vector3(-0.024603, 0.086043, -0.00150448)
bones/36/rotation = Quaternion(-0.713033, -0.123518, 0.0293241, 0.689542)
bones/36/scale = Vector3(1.00001, 1, 0.999991)
bones/37/name = "ring_2_l"
bones/37/parent = 36
bones/37/rest = Transform3D(0.998956, -0.00938837, 0.0446752, -0.0394715, 0.314048, 0.948579, -0.0229358, -0.94937, 0.313345, 7.45058e-09, 0.0220774, 1.16415e-08)
bones/37/enabled = true
bones/37/position = Vector3(7.45058e-09, 0.0220774, 1.16415e-08)
bones/37/rotation = Quaternion(-0.585569, 0.02086, -0.0092815, 0.810301)
bones/37/scale = Vector3(0.999999, 1.00001, 0.999992)
bones/38/name = "ring_3_l"
bones/38/parent = 37
bones/38/rest = Transform3D(0.999763, -0.0209534, -0.00570107, 0.0119096, 0.309549, 0.950815, -0.018158, -0.950645, 0.30973, 1.86265e-09, 0.0315886, -3.87954e-08)
bones/38/enabled = true
bones/38/position = Vector3(1.86265e-09, 0.0315886, -3.87954e-08)
bones/38/rotation = Quaternion(-0.58747, 0.00384867, 0.0101533, 0.809173)
bones/38/scale = Vector3(0.999999, 0.999993, 1.00001)
bones/39/name = "middle_1_l"
bones/39/parent = 32
bones/39/rest = Transform3D(0.945311, 0.0804836, -0.316107, 0.209779, 0.592083, 0.778093, 0.249789, -0.801832, 0.542824, 0.00256203, 0.08687, 0.000348852)
bones/39/enabled = true
bones/39/position = Vector3(0.00256203, 0.08687, 0.000348852)
bones/39/rotation = Quaternion(-0.450109, -0.161218, 0.0368344, 0.877527)
bones/39/scale = Vector3(1.00001, 0.999987, 1.00001)
bones/40/name = "middle_2_l"
bones/40/parent = 39
bones/40/rest = Transform3D(0.9991, -0.0400808, -0.0138357, 0.0202893, 0.165388, 0.986017, -0.0372321, -0.985418, 0.166051, 9.31323e-10, 0.0279775, 1.59635e-08)
bones/40/enabled = true
bones/40/position = Vector3(9.31323e-10, 0.0279775, 1.59635e-08)
bones/40/rotation = Quaternion(-0.64569, 0.00766288, 0.0197726, 0.763305)
bones/40/scale = Vector3(0.999999, 1, 0.999997)
bones/41/name = "middle_3_l"
bones/41/parent = 40
bones/41/rest = Transform3D(0.998539, -0.053987, 0.00125314, 0.00852839, 0.18057, 0.983526, -0.0533238, -0.98208, 0.180767, -2.09548e-09, 0.027053, -5.32782e-08)
bones/41/enabled = true
bones/41/position = Vector3(-2.09548e-09, 0.027053, -5.32782e-08)
bones/41/rotation = Quaternion(-0.639766, 0.0177638, 0.0203476, 0.768095)
bones/41/scale = Vector3(0.999998, 1, 1)
bones/42/name = "index_1_l"
bones/42/parent = 32
bones/42/rest = Transform3D(0.955342, 0.0531161, -0.290712, 0.192402, 0.634871, 0.748277, 0.224313, -0.770773, 0.596307, 0.0322067, 0.0834307, -0.00192057)
bones/42/enabled = true
bones/42/position = Vector3(0.0322067, 0.0834307, -0.00192057)
bones/42/rotation = Quaternion(-0.425486, -0.144257, 0.0390133, 0.892541)
bones/42/scale = Vector3(1.00001, 0.999987, 1.00001)
bones/43/name = "index_2_l"
bones/43/parent = 42
bones/43/rest = Transform3D(0.994154, -0.0853259, -0.0661591, 0.0897999, 0.313229, 0.945418, -0.0599458, -0.945842, 0.319057, 0, 0.0306827, -4.79922e-08)
bones/43/enabled = true
bones/43/position = Vector3(0, 0.0306827, -4.79922e-08)
bones/43/rotation = Quaternion(-0.583496, -0.00191704, 0.0540301, 0.810315)
bones/43/scale = Vector3(1, 1.00001, 0.999995)
bones/44/name = "index_3_l"
bones/44/parent = 43
bones/44/rest = Transform3D(0.99809, -0.0385193, -0.0482581, 0.0571391, 0.279964, 0.958307, -0.0234027, -0.95924, 0.28163, -4.65661e-10, 0.0307386, 1.49055e-07)
bones/44/enabled = true
bones/44/position = Vector3(-4.65661e-10, 0.0307386, 1.49055e-07)
bones/44/rotation = Quaternion(-0.59927, -0.0077678, 0.0298951, 0.799951)
bones/44/scale = Vector3(0.999998, 1, 0.999998)

[node name="body001" type="MeshInstance3D" parent="root/Skeleton"]
mesh = ExtResource("1_yt8ny")
skin = SubResource("2")

[node name="AnimationPlayer" type="AnimationPlayer" parent="."]
libraries = {
"": SubResource("AnimationLibrary_wk6wq")
}

[node name="AnimationTree" type="AnimationTree" parent="."]
tree_root = SubResource("27")
anim_player = NodePath("../AnimationPlayer")
parameters/conditions/is_moving = false
parameters/move_ground/blend_position = 0.0
